05 08 16 17 27 04 07
19 21 22 28 32 06 09
10 25 30 32 34 04 10
02 05 09 13 33 01 07
05 06 08 31 32 09 11
03 04 13 19 35 03 10
15 22 23 25 31 01 09
01 05 07 13 35 05 12
03 19 21 30 32 06 09
05 21 28 30 32 07 12
03 06 07 11 27 02 08
02 18 19 21 25 02 11
14 16 18 20 35 02 05
05 19 22 29 35 02 10
07 10 24 31 35 01 08
05 07 12 20 29 08 12
10 12 26 28 31 03 10
01 07 09 20 28 01 04
07 08 11 18 23 03 11
01 09 12 22 29 05 09
10 18 25 30 35 03 12
01 11 13 27 29 04 10
10 20 22 24 25 09 12
06 12 13 16 23 05 08
03 06 08 10 25 03 07
02 03 07 17 30 01 09
03 06 11 13 20 01 11
06 08 20 25 29 03 07
05 09 26 31 33 03 10
03 09 14 24 28 06 07
14 18 20 25 35 01 07
12 22 25 27 28 01 02
01 02 08 10 33 10 12
04 15 22 28 33 06 08
22 25 28 29 30 04 08
04 07 13 27 30 02 06
05 20 23 27 31 04 06
07 08 20 26 34 08 09
03 07 14 15 19 06 10
02 08 16 31 32 04 12
03 04 21 22 27 05 11
06 08 11 18 20 05 11
03 16 20 21 27 09 11
15 17 21 22 26 02 08
08 11 21 23 27 03 08
04 10 15 20 34 04 07
03 10 11 12 21 02 03
02 06 17 23 35 06 11
09 20 22 29 34 03 08
15 18 20 21 34 04 10
02 04 13 29 31 05 12
02 04 11 29 30 02 08
14 23 29 30 33 06 12
03 12 16 21 29 01 02
08 10 25 29 30 01 02
12 15 28 29 32 08 11
09 10 11 12 29 01 10
06 11 15 21 23 01 07
03 09 10 11 26 01 02
12 14 19 33 34 01 07
02 11 16 23 28 05 10
14 20 27 28 29 06 10
05 18 26 29 32 07 10
05 10 18 20 34 01 08
07 25 32 33 35 04 09
15 18 27 28 34 03 06
06 10 12 21 22 01 06
01 04 17 20 22 04 10
04 06 07 33 34 09 10
08 09 15 20 22 04 12
01 08 25 31 33 05 11
04 07 15 24 29 01 04
01 04 17 33 34 03 09
02 11 15 18 21 05 10
08 12 16 19 35 06 09
11 18 22 25 29 04 12
12 14 16 19 28 01 04
07 10 15 21 24 05 06
02 14 32 34 35 05 11
09 10 18 22 24 03 12
01 04 06 15 18 02 03
02 03 04 12 26 01 08
12 17 18 20 34 02 05
09 11 13 18 29 04 11
02 05 09 14 33 04 09
02 06 23 24 33 01 10
05 13 14 16 20 03 08
08 09 10 11 35 05 11
02 11 12 32 34 03 10
06 14 19 22 27 01 04
01 19 22 25 27 03 10
04 10 17 25 32 05 07
01 07 09 16 30 02 05
04 09 17 30 33 05 09
07 13 14 19 27 06 10
02 11 17 22 24 07 09
05 24 25 32 34 01 09
01 07 09 10 23 10 12
06 12 20 26 31 02 04
26 28 32 34 35 02 07
05 07 19 26 32 08 09
09 10 13 26 28 02 04
05 08 19 32 34 04 05
02 06 09 22 34 02 08
15 16 25 28 34 10 12
05 06 11 26 29 05 10
05 07 08 15 33 06 10
14 18 21 24 29 03 06
04 08 10 13 26 09 10
01 15 22 30 31 02 08
02 09 14 21 26 02 12
03 04 21 23 24 09 12
01 14 18 28 35 02 03
03 08 09 12 16 01 05
03 12 14 21 35 01 05
02 06 16 22 29 08 12
05 10 18 21 29 05 07
02 08 09 12 21 04 05
08 15 27 29 31 01 07
11 13 22 26 35 02 08
02 03 08 13 21 07 12
02 03 06 16 17 04 05
08 13 24 25 31 04 10
06 09 14 26 27 08 09
10 11 13 19 35 04 11
01 08 18 27 30 06 07
04 05 19 28 29 05 08
03 06 26 30 33 11 12
03 09 14 28 35 02 04
01 13 16 27 29 02 11
03 08 25 29 32 09 12
01 09 10 12 19 06 07
04 11 23 27 35 07 11
07 12 18 27 33 09 10
02 10 16 28 32 01 07
07 11 15 16 23 09 11
07 08 09 11 22 05 11
01 03 19 21 23 07 11
08 18 22 30 35 01 04
04 05 13 18 34 02 08
04 09 24 28 29 02 10
09 10 14 27 29 02 09
03 04 18 24 29 07 12
02 05 13 15 28 05 08
05 07 20 22 25 04 05
06 11 13 16 22 02 03
06 16 21 25 33 07 08
03 04 14 30 32 08 12
24 26 30 31 32 05 12
13 14 15 28 31 01 05
07 09 23 27 32 02 08
04 08 15 20 31 07 08
02 09 11 15 16 02 04
05 18 23 25 32 05 09
02 04 16 23 35 06 11
05 12 18 23 35 06 12
01 03 13 20 26 03 10
03 06 17 21 33 05 11
05 12 13 14 33 05 08
02 03 13 18 26 02 09
14 21 23 29 33 02 10
01 02 09 22 25 01 06
03 05 06 23 26 01 04
16 18 23 34 35 01 06
01 04 10 13 17 03 11
08 09 12 19 24 01 06
04 05 10 23 31 07 12
09 11 19 30 35 01 12
12 13 14 16 31 04 12
01 10 21 23 29 10 12
05 08 12 14 17 04 05
05 09 10 18 26 05 06
09 25 26 27 28 01 08
02 04 08 10 21 09 12
03 15 24 28 29 03 07
10 11 22 26 32 01 08
09 10 11 12 16 01 11
15 27 29 30 34 01 10
03 05 17 33 35 05 07
02 13 22 28 34 05 12
06 08 22 29 34 05 07
03 04 19 26 32 01 12
03 05 07 09 18 02 10
11 12 25 26 27 08 11
02 22 30 33 34 08 12
04 07 16 26 32 05 08
07 12 13 28 32 06 08
08 17 21 33 35 06 07
09 11 20 26 27 06 09
06 12 13 21 34 08 09
24 25 27 29 34 02 06
02 07 13 19 24 03 08
08 12 14 19 22 11 12
03 08 22 26 29 07 10
01 15 21 26 33 04 07
01 13 18 27 33 04 07
09 20 21 23 28 06 11
11 17 20 23 35 01 10
01 06 14 15 17 02 03
06 10 14 23 33 08 10
13 18 28 32 33 02 11
02 03 20 28 33 02 12
02 09 14 20 31 05 09
02 06 14 22 24 08 11
09 10 20 33 35 04 11
06 07 18 21 30 01 05
23 25 26 27 34 04 10
07 12 13 18 34 01 05
06 13 17 19 26 07 08
22 28 30 31 34 01 05
10 12 26 31 35 02 12
07 15 20 24 29 04 10
03 15 20 29 31 01 12
03 13 15 17 21 02 07
04 11 12 13 25 04 08
10 13 19 21 30 04 05
06 16 18 19 28 07 11
03 11 12 21 22 06 10
12 19 21 24 29 03 10
04 05 15 21 32 02 11
05 13 22 26 32 02 03
01 13 26 29 30 09 11
04 10 22 23 33 02 12